1 43850 18380
2 44780 17190
3 44200 17910
4 44540 18670
5 43340 17810
6 44820 15870
7 44870 18810
8 44760 19220
9 44980 16710
10 44060 17450
11 42710 18340
12 44230 17670
13 44730 18090
14 44970 15940
15 43670 18980
16 45190 15810
17 43990 18180
18 43650 17960
19 44880 16150
20 43510 18780
21 44700 18310
22 44880 18430
23 45140 17250
24 44450 18150
25 44770 16670
26 44420 17090
27 44450 18650
28 44520 18420
29 42870 18430
30 44130 18120
31 43830 17010
32 44980 17910
33 45180 16810
34 45010 18330
35 44170 17660
36 45140 17990
37 44280 17080
38 44340 17270
39 45050 16380
40 44940 16020
41 43820 17610
42 44390 19100
43 43200 17550
44 45090 15930
45 43900 18350
46 43410 17880
47 43380 17590
48 44140 17400
49 43940 18800
50 44430 18040
51 44870 18460
52 43940 18080
53 44150 17790
54 43110 17700
55 43960 17900
56 44540 16770
57 44170 19090
58 44550 18100
59 44860 17240
60 44410 18520
61 43080 17960
62 43820 18210
63 44870 17660
64 43820 18570
65 43780 19300
66 43720 17230
67 44610 17990
68 44160 18330
69 43260 18110
70 45100 17530
71 44610 17860
72 45050 16030
73 44230 18690
74 44370 17330
75 44410 18650
76 44460 18260
77 44490 17380
78 43940 17590
79 44670 19250
80 44720 17330
81 45160 15950
82 44710 18490
83 43950 18270
84 45170 15870
85 44960 16180
86 44970 15790
87 44500 18790
88 44180 16360
89 44620 17370
90 44910 17300
91 44950 18300
92 45080 16010
93 45050 15900
94 43970 18050
95 44420 18160
96 44610 16640
97 43660 17770
98 44450 18210
99 44890 16900
100 43800 19000
101 44300 18850
102 45130 15860
103 44940 17810
104 44190 19340
105 43130 17860
106 44410 17930
107 43720 17000
108 43230 17700
109 44670 18010
110 44180 18940
111 45050 18670
112 44650 18370
113 44460 17830
114 44910 15940
115 44650 17960
116 44240 17570
117 43310 17810
118 45010 15870
119 45220 16540
120 44560 16730
121 43790 18160
122 44560 18690
123 43470 17330
124 44570 17530
125 44560 18760
126 44010 18260
127 45060 15780
128 44070 17940
130 45150 16020
131 44810 19160
132 44100 17880
133 43260 17890
134 43580 18790
135 44310 18680
136 44470 18730
137 44850 19200
138 44430 18620
139 45100 16680
140 43360 17420
141 44050 16850
142 45010 15960
143 45060 18470
144 43780 16930
145 44930 16910
146 44510 18030
147 44980 16080
148 43560 19070
149 43770 16860
150 44940 16050
151 44730 18270
152 45040 16540
153 43250 17500
154 44080 18950
155 44730 18420
156 44600 18930
157 43890 18370
158 42950 18090
159 43790 16940
160 45040 18640
161 43310 17900
162 44880 15780
163 44760 18170
164 44040 18240
165 44030 18140
166 44950 17350
167 43170 18540
168 44620 18450
169 44790 16930
170 44020 18040
171 43980 17530
172 43350 17780
173 44050 18120
174 44590 18560
175 43220 17540
176 44200 17860
177 44490 18570
178 44110 19300
179 44550 17380